image: my_map.pgm
resolution: 0.050000
origin: [-0.813695, -38.061302, 0.000000]
negate: 0
occupied_thresh: 0.65
free_thresh: 0.196

